time,tick,drone_a,drone_b,rssi_dBm,delay_ns,dist_m,ax,ay,az,bx,by,bz
04:54:57,0,0,1,blocked,blocked,16.00,-7.56,-5.51,0.33,5.34,3.96,0.23
04:54:57,0,0,2,blocked,blocked,18.57,-7.56,-5.51,0.33,9.96,0.64,0.23
04:54:57,0,1,2,-33.02,19,5.69,5.34,3.96,0.23,9.96,0.64,0.23
04:55:40,85,0,1,-33.47,10,3.00,0.00,-3.00,0.19,0.00,0.00,0.19
04:55:40,85,0,2,-34.21,20,5.99,0.00,-3.00,0.19,0.00,3.00,0.19
04:55:40,85,1,2,-33.54,10,3.00,0.00,0.00,0.19,0.00,3.00,0.19
04:55:47,97,0,1,-31.97,10,3.00,0.00,-3.00,0.29,0.00,0.00,0.19
04:55:47,97,0,2,-35.30,20,5.99,0.00,-3.00,0.29,0.00,3.00,0.19
04:55:47,97,1,2,-33.54,10,3.00,0.00,0.00,0.19,0.00,3.00,0.19
04:55:49,98,0,1,-31.77,10,3.03,0.00,-3.00,0.62,0.00,0.00,0.19
04:55:49,98,0,2,-36.35,20,6.01,0.00,-3.00,0.62,0.00,3.00,0.19
04:55:49,98,1,2,-33.54,10,3.00,0.00,0.00,0.19,0.00,3.00,0.19
04:55:50,99,0,1,-33.83,11,3.16,0.00,-3.00,1.20,0.00,0.00,0.19
04:55:50,99,0,2,-37.27,20,6.08,0.00,-3.00,1.20,0.00,3.00,0.19
04:55:50,99,1,2,-33.54,10,3.00,0.00,0.00,0.19,0.00,3.00,0.19
04:55:51,100,0,1,-40.88,14,4.10,0.00,-3.00,2.99,0.00,0.00,0.19
04:55:51,100,0,2,-39.23,22,6.61,0.00,-3.00,2.99,0.00,3.00,0.19
04:55:51,100,1,2,-33.54,10,3.00,0.00,0.00,0.19,0.00,3.00,0.19
04:55:53,101,0,1,-44.16,15,4.59,0.00,-3.00,3.68,0.00,0.00,0.20
04:55:53,101,0,2,-41.26,23,6.93,0.00,-3.00,3.68,0.00,3.00,0.19
04:55:53,101,1,2,-34.92,10,3.00,0.00,0.00,0.20,0.00,3.00,0.19
04:55:54,102,0,1,-44.34,16,4.76,0.00,-3.00,4.09,0.00,0.00,0.39
04:55:54,102,0,2,-43.07,24,7.15,0.00,-3.00,4.09,0.00,3.00,0.19
04:55:54,102,1,2,-31.31,10,3.00,0.00,0.00,0.39,0.00,3.00,0.19
04:55:56,103,0,1,-39.41,13,4.05,0.00,-3.00,4.20,0.00,0.00,1.48
04:55:56,103,0,2,-42.87,24,7.21,0.00,-3.00,4.20,0.00,3.00,0.19
04:55:56,103,1,2,-34.36,11,3.26,0.00,0.00,1.48,0.00,3.00,0.19
04:55:57,104,0,1,-36.13,12,3.47,0.00,-3.00,4.18,0.00,0.00,2.43
04:55:57,104,0,2,-43.17,24,7.20,0.00,-3.00,4.18,0.00,3.00,0.19
04:55:57,104,1,2,-38.41,12,3.74,0.00,0.00,2.43,0.00,3.00,0.19
04:55:58,105,0,1,-32.15,10,3.00,0.00,-3.00,4.18,0.00,0.00,4.34
04:55:58,105,0,2,-43.17,24,7.20,0.00,-3.00,4.18,0.00,3.00,0.19
04:55:58,105,1,2,-45.54,17,5.12,0.00,0.00,4.34,0.00,3.00,0.19
04:56:00,106,0,1,-33.30,10,3.08,0.00,-3.00,4.19,0.00,0.00,4.89
04:56:00,106,0,2,-41.67,24,7.19,0.00,-3.00,4.19,0.00,3.00,0.22
04:56:00,106,1,2,-44.53,19,5.55,0.00,0.00,4.89,0.00,3.00,0.22
04:56:01,107,0,1,-34.83,11,3.17,0.00,-3.00,4.19,0.00,0.00,5.22
04:56:01,107,0,2,-41.04,23,6.82,0.00,-3.00,4.19,0.00,3.00,0.94
04:56:01,107,1,2,-45.98,17,5.22,0.00,0.00,5.22,0.00,3.00,0.94
04:56:03,108,0,1,-34.74,11,3.16,0.00,-3.00,4.19,0.00,0.00,5.19
04:56:03,108,0,2,-41.21,22,6.50,0.00,-3.00,4.19,0.00,3.00,1.68
04:56:03,108,1,2,-43.21,15,4.61,0.00,0.00,5.19,0.00,3.00,1.68
04:56:04,109,0,1,-33.33,11,3.16,0.00,-3.00,4.18,0.00,0.00,5.18
04:56:04,109,0,2,-38.79,20,6.00,0.00,-3.00,4.18,0.00,3.00,3.88
04:56:04,109,1,2,-34.48,11,3.27,0.00,0.00,5.18,0.00,3.00,3.88
04:56:06,110,0,1,-34.74,11,3.16,0.00,-3.00,4.19,0.00,0.00,5.19
04:56:06,110,0,2,-38.22,20,6.03,0.00,-3.00,4.19,0.00,3.00,4.88
04:56:06,110,1,2,-32.13,10,3.01,0.00,0.00,5.19,0.00,3.00,4.88
04:56:07,111,0,1,-34.74,11,3.16,0.00,-3.00,4.19,0.00,0.00,5.19
04:56:07,111,0,2,-39.55,21,6.25,0.00,-3.00,4.19,0.00,3.00,5.96
04:56:07,111,1,2,-32.92,10,3.09,0.00,0.00,5.19,0.00,3.00,5.96
04:56:09,112,0,1,-33.95,11,3.16,0.00,-3.00,4.19,0.00,0.00,5.18
04:56:09,112,0,2,-39.55,21,6.25,0.00,-3.00,4.19,0.00,3.00,5.96
04:56:09,112,1,2,-33.07,10,3.10,0.00,0.00,5.18,0.00,3.00,5.96
04:56:10,113,0,1,-34.74,11,3.16,0.00,-3.00,4.19,0.00,0.00,5.19
04:56:10,113,0,2,-39.55,21,6.25,0.00,-3.00,4.19,0.00,3.00,5.96
04:56:10,113,1,2,-32.92,10,3.09,0.00,0.00,5.19,0.00,3.00,5.96
04:56:17,125,0,1,-34.90,11,3.16,0.00,-3.00,4.18,0.00,0.00,5.19
04:56:17,125,0,2,-39.17,21,6.25,0.00,-3.00,4.18,0.00,3.00,5.96
04:56:17,125,1,2,-32.92,10,3.09,0.00,0.00,5.19,0.00,3.00,5.96
04:56:18,126,0,1,-33.33,11,3.16,0.00,-3.00,4.18,0.00,0.00,5.18
04:56:18,126,0,2,-39.17,21,6.25,0.00,-3.00,4.18,0.00,3.00,5.96
04:56:18,126,1,2,-33.07,10,3.10,0.00,0.00,5.18,0.00,3.00,5.96
04:56:20,127,0,1,-33.95,11,3.16,0.00,-3.00,4.19,0.00,0.00,5.18
04:56:20,127,0,2,-39.55,21,6.25,0.00,-3.00,4.19,0.00,3.00,5.96
04:56:20,127,1,2,-33.07,10,3.10,0.00,0.00,5.18,0.00,3.00,5.96
04:56:21,128,0,1,-34.74,11,3.16,0.00,-3.00,4.19,0.00,0.00,5.19
04:56:21,128,0,2,-39.55,21,6.25,0.00,-3.00,4.19,0.00,3.00,5.96
04:56:21,128,1,2,-32.92,10,3.09,0.00,0.00,5.19,0.00,3.00,5.96
04:56:23,131,0,1,-34.90,11,3.16,0.00,-3.00,4.18,0.00,0.00,5.19
04:56:23,131,0,2,-39.17,21,6.25,0.00,-3.00,4.18,0.00,3.00,5.96
04:56:23,131,1,2,-32.92,10,3.09,0.00,0.00,5.19,0.00,3.00,5.96
04:56:25,132,0,1,-34.01,11,3.18,-0.01,-3.00,4.12,0.00,0.00,5.19
04:56:25,132,0,2,-39.95,21,6.27,-0.01,-3.00,4.12,0.00,3.00,5.96
04:56:25,132,1,2,-32.92,10,3.09,0.00,0.00,5.19,0.00,3.00,5.96
04:56:26,133,0,1,-40.76,13,3.98,-2.88,-0.56,2.50,0.00,0.00,5.19
04:56:26,133,0,2,-41.43,19,5.74,-2.88,-0.56,2.50,0.00,3.00,5.96
04:56:26,133,1,2,-32.92,10,3.09,0.00,0.00,5.19,0.00,3.00,5.96
04:56:28,134,0,1,-46.76,29,8.60,-7.19,3.10,1.62,0.00,0.00,5.17
04:56:28,134,0,2,-44.14,28,8.40,-7.19,3.10,1.62,0.00,3.00,5.96
04:56:28,134,1,2,-33.13,10,3.10,0.00,0.00,5.17,0.00,3.00,5.96
04:56:29,135,0,1,blocked,blocked,10.36,-9.73,5.28,1.50,0.00,2.57,3.79
04:56:29,135,0,2,blocked,blocked,10.94,-9.73,5.28,1.50,0.00,3.00,5.96
04:56:29,135,1,2,-48.90,7,2.21,0.00,2.57,3.79,0.00,3.00,5.96
04:56:31,136,0,1,blocked,blocked,10.01,-9.77,5.31,1.50,0.00,7.43,1.79
04:56:31,136,0,2,blocked,blocked,10.95,-9.77,5.31,1.50,0.00,3.00,5.87
04:56:31,136,1,2,-46.49,20,6.03,0.00,7.43,1.79,0.00,3.00,5.87
04:56:32,137,0,1,blocked,blocked,8.60,-7.99,4.57,2.66,0.00,7.53,1.50
04:56:32,137,0,2,blocked,blocked,12.41,-7.99,4.57,2.66,4.07,1.70,3.14
04:56:32,137,1,2,-39.48,24,7.30,0.00,7.53,1.50,4.07,1.70,3.14
04:56:34,138,0,1,-41.16,27,8.02,-0.01,0.71,5.47,0.00,7.83,1.78
04:56:34,138,0,2,-42.97,35,10.35,-0.01,0.71,5.47,9.77,0.48,2.11
04:56:34,138,1,2,-48.79,49,12.24,0.00,7.83,1.78,9.77,0.48,2.11
04:56:35,139,0,1,-35.69,7,2.00,-0.01,0.75,5.48,0.04,2.08,3.98
04:56:35,139,0,2,-43.75,35,10.41,-0.01,0.75,5.48,9.86,0.47,2.21
04:56:35,139,1,2,-44.50,34,10.11,0.04,2.08,3.98,9.86,0.47,2.21
04:56:37,140,0,1,-37.49,21,6.32,0.43,0.43,5.29,-0.04,-5.87,5.52
04:56:37,140,0,2,-44.28,33,10.04,0.43,0.43,5.29,9.96,0.44,2.13
04:56:37,140,1,2,-45.67,41,12.31,-0.04,-5.87,5.52,9.96,0.44,2.13
04:56:39,141,0,1,-40.55,24,7.27,-3.87,-1.83,3.37,0.00,-7.61,5.48
04:56:39,141,0,2,-48.92,48,14.38,-3.87,-1.83,3.37,9.96,0.48,0.23
04:56:39,141,1,2,-50.41,46,13.87,0.00,-7.61,5.48,9.96,0.48,0.23
04:56:40,142,0,1,-51.63,67,11.68,-10.71,-5.27,1.64,0.22,-7.48,5.10
04:56:40,142,0,2,-65.33,86,21.50,-10.71,-5.27,1.64,9.96,0.48,0.23
04:56:40,142,1,2,-47.03,45,13.49,0.22,-7.48,5.10,9.96,0.48,0.23
04:56:42,143,0,1,-55.60,63,15.28,-11.63,-5.82,1.49,3.18,-2.41,2.98
04:56:42,143,0,2,-52.88,87,22.53,-11.63,-5.82,1.49,9.96,0.48,0.23
04:56:42,143,1,2,-46.75,26,7.86,3.18,-2.41,2.98,9.96,0.48,0.23
04:56:43,144,0,1,-53.75,87,21.07,-11.72,-5.86,1.50,6.77,4.23,1.54
04:56:43,144,0,2,-48.76,87,22.63,-11.72,-5.86,1.50,9.96,0.48,0.23
04:56:43,144,1,2,-32.23,17,5.10,6.77,4.23,1.54,9.96,0.48,0.23
04:56:45,145,0,1,blocked,blocked,16.03,-6.42,-3.05,1.48,7.34,5.17,1.49
04:56:45,145,0,2,-42.40,56,16.81,-6.42,-3.05,1.48,9.96,0.48,0.23
04:56:45,145,1,2,blocked,blocked,5.52,7.34,5.17,1.49,9.96,0.48,0.23
04:56:46,146,0,1,blocked,blocked,5.01,2.98,1.80,1.52,6.79,5.01,2.09
04:56:46,146,0,2,-35.90,24,7.22,2.98,1.80,1.52,9.96,0.48,0.23
04:56:46,146,1,2,blocked,blocked,5.83,6.79,5.01,2.09,9.96,0.48,0.23
04:56:48,147,0,1,blocked,blocked,3.31,8.52,4.75,1.50,5.64,3.99,2.96
04:56:48,147,0,2,blocked,blocked,4.68,8.52,4.75,1.50,9.96,0.48,0.23
04:56:48,147,1,2,-41.03,21,6.20,5.64,3.99,2.96,9.96,0.48,0.23
04:56:49,148,0,1,blocked,blocked,4.29,9.60,5.31,1.96,5.64,3.99,2.96
04:56:49,148,0,2,blocked,blocked,5.14,9.60,5.31,1.96,9.96,0.48,0.23
04:56:49,148,1,2,-33.70,21,6.20,5.64,3.99,2.96,9.96,0.48,0.23
04:56:51,149,0,1,-48.58,14,4.25,6.01,3.31,4.43,5.63,3.88,0.23
04:56:51,149,0,2,-41.56,21,6.42,6.01,3.31,4.43,9.96,0.48,0.23
04:56:51,149,1,2,-29.92,18,5.50,5.63,3.88,0.23,9.96,0.48,0.23
04:56:52,150,0,1,-41.11,28,8.43,0.50,0.26,5.86,5.63,3.88,0.23
04:56:52,150,0,2,-49.48,37,11.01,0.50,0.26,5.86,9.96,0.48,0.23
04:56:52,150,1,2,-29.92,18,5.50,5.63,3.88,0.23,9.96,0.48,0.23
04:56:54,151,0,1,-41.64,28,8.40,0.48,0.25,5.78,5.63,3.88,0.23
04:56:54,151,0,2,-45.64,37,10.99,0.48,0.25,5.78,9.96,0.48,0.23
04:56:54,151,1,2,-29.92,18,5.50,5.63,3.88,0.23,9.96,0.48,0.23
04:56:55,152,0,1,-40.47,30,9.13,-0.67,-0.46,5.22,5.63,3.88,0.23
04:56:55,152,0,2,-39.33,39,11.78,-0.67,-0.46,5.22,9.96,0.48,0.23
04:56:55,152,1,2,-29.92,18,5.50,5.63,3.88,0.23,9.96,0.48,0.23
04:56:57,153,0,1,-41.87,45,13.44,-5.20,-3.57,3.03,5.63,3.88,0.23
04:56:57,153,0,2,-42.31,53,15.94,-5.20,-3.57,3.03,9.96,0.48,0.23
04:56:57,153,1,2,-29.92,18,5.50,5.63,3.88,0.23,9.96,0.48,0.23
04:56:58,154,0,1,blocked,blocked,16.14,-7.46,-5.52,1.08,5.63,3.88,0.23
04:56:58,154,0,2,blocked,blocked,18.45,-7.46,-5.52,1.08,9.96,0.48,0.23
04:56:58,154,1,2,-29.92,18,5.50,5.63,3.88,0.23,9.96,0.48,0.23
04:57:00,155,0,1,blocked,blocked,17.06,-8.79,-5.21,0.93,5.63,3.88,0.23
04:57:00,155,0,2,blocked,blocked,19.61,-8.79,-5.21,0.93,9.96,0.48,0.23
04:57:00,155,1,2,-29.92,18,5.50,5.63,3.88,0.23,9.96,0.48,0.23
04:57:01,156,0,1,blocked,blocked,16.12,-7.86,-4.87,1.43,5.63,3.88,0.23
04:57:01,156,0,2,blocked,blocked,18.65,-7.86,-4.87,1.43,9.96,0.48,0.23
04:57:01,156,1,2,-29.92,18,5.50,5.63,3.88,0.23,9.96,0.48,0.23
04:57:03,157,0,1,-41.37,51,15.25,-9.48,2.31,1.49,5.63,3.88,0.23
04:57:03,157,0,2,-48.93,65,19.57,-9.48,2.31,1.49,9.96,0.48,0.23
04:57:03,157,1,2,-29.92,18,5.50,5.63,3.88,0.23,9.96,0.48,0.23
04:57:04,158,0,1,blocked,blocked,15.65,-9.90,5.33,1.50,5.63,3.88,0.23
04:57:04,158,0,2,blocked,blocked,20.48,-9.90,5.33,1.50,9.96,0.48,0.23
04:57:04,158,1,2,-29.92,18,5.50,5.63,3.88,0.23,9.96,0.48,0.23
04:57:06,159,0,1,blocked,blocked,15.70,-9.96,5.16,1.49,5.63,3.88,0.23
04:57:06,159,0,2,blocked,blocked,20.51,-9.96,5.16,1.49,9.96,0.48,0.23
04:57:06,159,1,2,-29.92,18,5.50,5.63,3.88,0.23,9.96,0.48,0.23
04:57:07,160,0,1,blocked,blocked,14.25,-8.40,4.90,2.47,5.63,3.88,0.23
04:57:07,160,0,2,blocked,blocked,19.02,-8.40,4.90,2.47,9.96,0.48,0.23
04:57:07,160,1,2,-29.92,18,5.50,5.63,3.88,0.23,9.96,0.48,0.23
04:57:09,161,0,1,-43.64,31,9.18,-1.89,1.62,4.97,5.63,3.88,0.23
04:57:09,161,0,2,-45.87,43,12.82,-1.89,1.62,4.97,9.96,0.48,0.23
04:57:09,161,1,2,-29.92,18,5.50,5.63,3.88,0.23,9.96,0.48,0.23
04:57:10,162,0,1,-38.79,27,8.16,0.36,0.57,5.51,5.63,3.88,0.23
04:57:10,162,0,2,-45.96,37,10.96,0.36,0.57,5.51,9.96,0.48,0.23
04:57:10,162,1,2,-29.92,18,5.50,5.63,3.88,0.23,9.96,0.48,0.23
04:57:12,163,0,1,-45.90,27,8.22,0.19,0.66,5.48,5.63,3.88,0.23
04:57:12,163,0,2,-38.13,37,11.10,0.19,0.66,5.48,9.96,0.48,0.23
04:57:12,163,1,2,-29.92,18,5.50,5.63,3.88,0.23,9.96,0.48,0.23
04:57:13,164,0,1,-48.19,30,9.02,-1.09,-0.49,4.36,5.63,3.88,0.23
04:57:13,164,0,2,-41.43,39,11.84,-1.09,-0.49,4.36,9.96,0.48,0.23
04:57:13,164,1,2,-29.92,18,5.50,5.63,3.88,0.23,9.96,0.48,0.23
04:57:14,165,0,1,-42.09,45,13.52,-5.84,-2.79,2.82,5.63,3.88,0.23
04:57:14,165,0,2,-41.92,55,16.35,-5.84,-2.79,2.82,9.96,0.48,0.23
04:57:14,165,1,2,-29.92,18,5.50,5.63,3.88,0.23,9.96,0.48,0.23
04:57:16,166,0,1,-59.43,83,19.41,-11.25,-5.60,1.51,5.63,3.88,0.23
04:57:16,166,0,2,-50.38,87,22.11,-11.25,-5.60,1.51,9.96,0.48,0.23
04:57:16,166,1,2,-29.92,18,5.50,5.63,3.88,0.23,9.96,0.48,0.23
04:57:17,167,0,1,-56.77,83,19.86,-11.64,-5.83,1.49,5.63,3.88,0.23
04:57:17,167,0,2,-49.44,87,22.54,-11.64,-5.83,1.49,9.96,0.48,0.23
04:57:17,167,1,2,-29.92,18,5.50,5.63,3.88,0.23,9.96,0.48,0.23
04:57:19,168,0,1,blocked,blocked,17.16,-9.06,-4.95,0.97,5.63,3.88,0.23
04:57:19,168,0,2,blocked,blocked,19.80,-9.06,-4.95,0.97,9.96,0.48,0.23
04:57:19,168,1,2,-29.92,18,5.50,5.63,3.88,0.23,9.96,0.48,0.23
04:57:20,169,0,1,blocked,blocked,16.11,-7.98,-4.68,1.23,5.63,3.88,0.23
04:57:20,169,0,2,blocked,blocked,18.70,-7.98,-4.68,1.23,9.96,0.48,0.23
04:57:20,169,1,2,-29.92,18,5.50,5.63,3.88,0.23,9.96,0.48,0.23
04:57:22,170,0,1,-49.77,73,16.06,-6.98,-6.05,0.89,5.63,3.88,0.23
04:57:22,170,0,2,-58.23,120,18.17,-6.98,-6.05,0.89,9.96,0.48,0.23
04:57:22,170,1,2,-29.92,18,5.50,5.63,3.88,0.23,9.96,0.48,0.23
04:57:23,171,0,1,-46.60,73,16.69,-7.53,-6.38,0.64,5.63,3.88,0.23
04:57:23,171,0,2,-53.86,94,18.79,-7.53,-6.38,0.64,9.96,0.48,0.23
04:57:23,171,1,2,-29.92,18,5.50,5.63,3.88,0.23,9.96,0.48,0.23
04:57:25,172,0,1,-53.71,75,17.04,-8.13,-6.18,0.39,5.63,3.88,0.23
04:57:25,172,0,2,-53.38,95,19.28,-8.13,-6.18,0.39,9.96,0.48,0.23
04:57:25,172,1,2,-29.92,18,5.50,5.63,3.88,0.23,9.96,0.48,0.23




















timestamp,tick,drone_a,drone_b,rssi_a_dBm,rssi_b_dBm,latency_ms,jitter_ms,dist_ab_m,rx_packets
09:04:46,1,0,1,-33.24,-32.50,12.73,0.02,3.00,159
09:04:46,1,0,2,-33.24,-34.42,12.80,0.02,5.99,159
09:04:46,1,1,2,-32.50,-34.42,12.23,0.02,3.00,159
09:04:49,2,0,1,-34.75,-33.78,12.73,0.02,3.17,159
09:04:49,2,0,2,-34.75,-34.84,12.80,0.02,6.08,159
09:04:49,2,1,2,-33.78,-34.84,12.23,0.02,3.00,159
09:04:53,3,0,1,-33.56,-29.20,12.73,0.02,4.61,159
09:04:53,3,0,2,-33.56,-39.49,12.80,0.02,6.95,159
09:04:53,3,1,2,-29.20,-39.49,12.48,0.51,3.00,159
09:04:57,4,0,1,-24.67,-29.23,12.85,0.27,3.44,159
09:04:57,4,0,2,-24.67,-29.78,12.92,0.27,7.20,159
09:04:57,4,1,2,-29.23,-29.78,12.35,0.27,3.78,159
09:05:01,5,0,1,-27.02,-15.58,12.73,0.02,3.16,159
09:05:01,5,0,2,-27.02,-34.85,12.80,0.02,7.05,159
09:05:01,5,1,2,-15.58,-34.85,12.48,0.51,5.59,159
09:05:04,6,0,1,-29.80,-20.11,12.73,0.02,3.16,159
09:05:04,6,0,2,-29.80,-27.77,12.80,0.02,6.00,159
09:05:04,6,1,2,-20.11,-27.77,12.23,0.02,3.27,159
09:05:08,7,0,1,-31.52,-23.05,12.73,0.02,3.16,159
09:05:08,7,0,2,-31.52,-29.32,12.80,0.02,6.25,159
09:05:08,7,1,2,-23.05,-29.32,12.23,0.02,3.09,159
09:05:12,8,0,1,-28.40,-19.89,12.73,0.02,3.16,159
09:05:12,8,0,2,-28.40,-31.84,12.80,0.02,6.25,159
09:05:12,8,1,2,-19.89,-31.84,12.23,0.02,3.09,159
09:05:16,9,0,1,-29.58,-16.09,12.73,0.02,3.16,159
09:05:16,9,0,2,-29.58,-27.41,12.80,0.02,6.25,159
09:05:16,9,1,2,-16.09,-27.41,12.23,0.02,3.10,159
09:05:20,10,0,1,-30.47,-20.24,12.73,0.02,3.16,159
09:05:20,10,0,2,-30.47,-28.73,12.80,0.02,6.25,159
09:05:20,10,1,2,-20.24,-28.73,12.23,0.02,3.09,159
09:05:23,11,0,1,-30.05,-20.70,12.73,0.02,3.16,159
09:05:23,11,0,2,-30.05,-25.85,12.80,0.02,6.25,159
09:05:23,11,1,2,-20.70,-25.85,12.48,0.51,3.09,159
09:05:27,12,0,1,-38.24,-16.80,12.73,0.02,6.13,159
09:05:27,12,0,2,-38.24,-28.86,12.80,0.02,6.67,159
09:05:27,12,1,2,-16.80,-28.86,12.23,0.02,3.09,159
09:05:31,13,0,1,-40.73,-32.33,12.73,0.02,10.18,159
09:05:31,13,0,2,-40.73,-26.20,12.80,0.02,11.25,159
09:05:31,13,1,2,-32.33,-26.20,12.23,0.02,6.09,159
09:05:35,14,0,1,-20.87,-32.41,12.85,0.27,6.99,159
09:05:35,14,0,2,-20.87,-35.05,12.93,0.27,9.98,159
09:05:35,14,1,2,-32.41,-35.05,12.36,0.27,11.59,159
09:05:38,15,0,1,-33.19,-29.15,12.85,0.27,7.22,159
09:05:38,15,0,2,-33.19,-37.71,12.92,0.27,14.14,159
09:05:38,15,1,2,-29.15,-37.71,12.35,0.27,13.95,159
09:05:42,16,0,1,-40.12,-33.24,12.73,0.02,17.35,159
09:05:42,16,0,2,-40.12,-39.64,12.80,0.02,22.59,159
09:05:42,16,1,2,-33.24,-39.64,12.24,0.03,5.79,159
09:05:46,17,0,1,-35.08,-35.41,12.73,0.02,6.08,159
09:05:46,17,0,2,-35.08,-41.83,12.80,0.02,7.88,159
09:05:46,17,1,2,-35.41,-41.83,12.23,0.02,5.71,159
09:05:50,18,0,1,-39.47,-32.27,12.73,0.02,5.18,159
09:05:50,18,0,2,-39.47,-35.84,12.80,0.02,5.01,159
09:05:50,18,1,2,-32.27,-35.84,12.23,0.02,6.33,159
09:05:54,19,0,1,-7.71,-37.94,12.73,0.02,7.87,159
09:05:54,19,0,2,-7.71,-38.96,12.80,0.02,11.03,159
09:05:54,19,1,2,-37.94,-38.96,12.48,0.52,6.33,159
09:05:57,20,0,1,-36.98,-34.44,12.73,0.02,13.58,159
09:05:57,20,0,2,-36.98,-37.78,12.80,0.02,17.09,159
09:05:57,20,1,2,-34.44,-37.78,12.23,0.02,6.33,159
09:06:01,21,0,1,-33.06,-27.83,12.73,0.02,15.96,159
09:06:01,21,0,2,-33.06,-36.96,12.80,0.02,19.35,159
09:06:01,21,1,2,-27.83,-36.96,12.23,0.02,6.33,159
09:06:05,22,0,1,-40.95,-35.72,12.73,0.02,14.63,159
09:06:05,22,0,2,-40.95,-38.06,12.80,0.02,20.42,159
09:06:05,22,1,2,-35.72,-38.06,12.23,0.02,6.33,159
09:06:09,23,0,1,-26.18,-39.16,12.73,0.02,7.96,159
09:06:09,23,0,2,-26.18,-37.87,12.80,0.02,11.98,159
09:06:09,23,1,2,-39.16,-37.87,12.48,0.52,6.33,159
09:06:13,24,0,1,-21.04,-36.66,12.73,0.02,7.44,159
09:06:13,24,0,2,-21.04,-34.45,12.80,0.02,10.80,159
09:06:13,24,1,2,-36.66,-34.45,12.48,0.51,6.33,159
09:06:17,25,0,1,-42.55,-34.90,12.73,0.02,18.98,159
09:06:17,25,0,2,-42.55,-46.10,12.80,0.02,22.57,159
09:06:17,25,1,2,-34.90,-46.10,12.23,0.02,6.33,159
09:06:20,26,0,1,-41.65,-36.47,12.73,0.02,16.04,159
09:06:20,26,0,2,-41.65,-34.27,12.80,0.02,19.02,159
09:06:20,26,1,2,-36.47,-34.27,12.23,0.02,6.33,159
09:06:24,27,0,1,-38.57,-38.36,12.73,0.02,15.67,159
09:06:24,27,0,2,-38.57,-38.41,12.80,0.02,19.02,159
09:06:24,27,1,2,-38.36,-38.41,12.23,0.02,6.33,159
09:06:28,28,0,1,-35.67,-35.60,12.73,0.02,15.67,159
09:06:28,28,0,2,-35.67,-40.80,12.80,0.02,19.02,159
09:06:28,28,1,2,-35.60,-40.80,12.23,0.02,6.33,159
09:06:32,29,0,1,-37.48,-31.90,12.73,0.02,15.67,159
09:06:32,29,0,2,-37.48,-41.61,12.80,0.02,19.02,159
09:06:32,29,1,2,-31.90,-41.61,12.48,0.51,6.33,159
09:06:35,30,0,1,-39.79,-36.09,12.73,0.02,15.67,159
09:06:35,30,0,2,-39.79,-40.48,12.80,0.02,19.02,159
09:06:35,30,1,2,-36.09,-40.48,12.23,0.02,6.33,159
09:06:39,31,0,1,-41.03,-34.73,12.73,0.02,15.67,159
09:06:39,31,0,2,-41.03,-40.56,12.80,0.02,19.02,159
09:06:39,31,1,2,-34.73,-40.56,12.23,0.02,6.33,159
